11.8758
12.1821
13.1912
15.2505
19.3448
28.928
68.3413
130.374
31.3352
17.3294
11.8059
8.87998
7.0827
5.87433
5.01049
4.36471
3.86518
3.46819
3.14567
2.87882
2.65461
2.46372
2.29932
2.15632
2.03083
1.91984
1.82099
1.7324
1.65256
1.58023
1.5144
1.45423
1.39902
1.34817
1.30121
1.25768
1.21723
1.17954
1.14434
1.1114
1.08049
1.05144
1.02408
0.998276
0.973896
0.950826
0.928964
0.908218
0.888508
0.869757
0.851899
0.834872
0.818622
0.803097
0.788252
0.774043
0.760433
0.747385
0.734867
0.722848
0.711301
0.7002
0.68952
0.679239
0.669338
0.659796
0.650595
0.64172
0.633154
0.624883
0.616893
0.609171
0.601705
0.594485
0.5875
0.580738
0.574192
0.567852
0.56171
0.555758
0.549989
0.544396
0.538971
0.533709
0.528604
0.52365
0.518842
0.514174
0.509642
0.50524
0.500966
0.496814
0.492781
0.488862
0.485055
0.481355
0.47776
0.474266
0.47087
0.467569
80.2919
0.461254
0.458223
0.455279
0.452418
0.449638
0.446937
0.444313
0.441763
0.439287
0.436882
0.434547
0.43228
0.430079
0.427944
0.425871
0.423861
0.421912
0.420023
0.418192
0.416418
0.414701
0.413038
0.41143
0.409875
0.408372
0.406921
0.405521
0.404169
0.402867
0.401612
0.400406
0.399246
0.398132
0.397064
0.39604
0.395061
0.394126
0.393234
0.392385
0.391579
0.390814
0.390091
0.389409
0.388768
0.388167
0.387607
0.387086
0.386606
0.386164
0.385762
0.385398
0.385073
0.384788
0.38454
0.38433
0.384159
0.384026
0.383931
0.383874
0.383855
0.383874
0.383931
0.384026
0.384159
0.38433
0.384539
0.384787
0.385073
0.385398
0.385762
0.386164
0.386605
0.387086
0.387607
0.388167
0.388768
0.389409
0.390091
0.390814
0.391579
0.392385
0.393234
0.394126
0.395061
0.39604
0.397063
0.398132
0.399245
0.400405
0.401612
0.402866
0.404169
0.40552
0.40692
0.408372
0.409875
0.41143
0.413038
0.4147
0.416417
0.418191
0.420022
0.421911
0.42386
0.42587
0.427943
0.430078
0.432279
0.434546
0.436881
0.439286
0.441762
0.444311
0.446934
0.449635
0.452414
0.455274
0.458216
0.46124
80.2919
0.467583
0.470878
0.474271
0.477764
0.481358
0.485058
0.488865
0.492783
0.496816
0.500968
0.505242
0.509643
0.514175
0.518843
0.523651
0.528605
0.53371
0.538972
0.544397
0.54999
0.555759
0.561711
0.567853
0.574193
0.580739
0.5875
0.594485
0.601706
0.609171
0.616893
0.624883
0.633154
0.64172
0.650596
0.659796
0.669338
0.67924
0.68952
0.7002
0.711302
0.722849
0.734867
0.747385
0.760433
0.774043
0.788252
0.803097
0.818622
0.834872
0.851899
0.869757
0.888508
0.908219
0.928964
0.950826
0.973896
0.998276
1.02408
1.05144
1.08049
1.1114
1.14434
1.17954
1.21723
1.25768
1.3012
1.34817
1.39901
1.45422
1.5144
1.58023
1.65256
1.7324
1.82099
1.91984
2.03082
2.15632
2.29932
2.46372
2.65461
2.87882
3.14567
3.46818
3.86518
4.36471
5.01049
5.87433
7.08269
8.87997
11.8059
17.3294
31.3352
130.374
68.3413
28.928
19.3448
15.2505
13.1912
12.1821
